807
000
000
000
000
000
000
000
000
000
000
000
000
000
000
000
00d
807
000
000
000
000
000
000
000
000
000
000
000
000
000
000
003
807
000
000
000
000
000
000
000
000
000
000
000
000
000
000
001
807
000
000
000
000
000
000
000
000
000
000
000
000
000
000
088
807
000
000
000
000
000
000
000
000
000
000
000
000
000
000
011
807
000
000
000
000
000
000
000
000
000
000
000
000
000
000
015
807
000
000
000
000
000
000
000
000
000
000
000
000
000
000
01d
807
000
000
000
000
000
000
000
000
000
000
000
000
000
000
099
807
000
000
000
000
000
000
000
000
000
000
000
000
000
000
021
807
000
000
000
000
000
000
000
000
000
000
000
000
000
000
029
807
000
000
000
000
000
000
000
000
000
000
000
000
000
000
031
807
000
000
000
000
000
000
000
000
000
000
000
000
000
000
03d
807
000
000
000
000
000
000
000
000
000
000
000
000
000
000
045
807
000
000
000
000
000
000
000
000
000
000
000
000
000
000
041
807
000
000
000
000
000
000
000
000
000
000
000
000
000
000
807
000
000
000
000
000
000
000
000
000
000
000
000
000
000
000